p1
9336
1 1 1 1 1 1 1 1 1 1 
0 2 1 6 3 8 2 4 4 1 9 8 0 2 8 3 4 0 9 7 3 4 6 4 2 5 1 5 8 5 2 6 0 3 9 4 4 3 0 4 1 8 1 5 7 0 4 0 4 0 

p2
8009
1 1 1 1 1 1 1 1 1 1 
0 8 1 6 3 8 2 4 4 1 9 8 3 2 8 3 4 0 9 7 3 4 6 4 2 5 1 5 0 5 2 6 0 3 4 4 4 3 0 4 1 8 1 5 7 0 4 0 4 3 

p3
10010
1 1 1 1 1 1 1 1 1 1 
2 2 1 6 3 8 2 4 4 1 9 8 3 2 8 3 4 0 9 7 3 8 6 4 2 5 1 5 0 5 2 6 0 3 9 4 4 3 0 4 1 8 1 5 7 0 4 0 4 0 

p4
11942
1 1 1 1 1 1 1 1 1 1 
8 2 1 6 3 8 2 4 4 1 9 0 3 2 8 3 4 0 9 7 3 4 6 4 2 5 1 5 0 5 2 6 0 3 9 4 4 3 0 4 1 8 1 5 7 0 4 0 4 0 

p5
9173
1 1 1 1 1 1 1 1 1 1 
8 8 1 6 3 8 2 4 4 1 9 8 3 2 8 3 2 0 9 7 3 8 6 4 2 5 1 5 0 5 2 6 0 3 9 4 4 3 0 4 1 8 1 5 7 0 9 3 4 0 

p6
7891
1 1 1 1 1 1 1 1 1 1 
8 8 1 6 3 8 2 4 4 1 9 8 3 2 8 3 2 0 9 7 3 7 6 4 2 5 1 5 8 5 2 6 0 3 9 4 4 3 0 4 1 8 1 5 7 0 9 0 4 0 

p7
9859
1 1 1 1 1 1 1 1 1 1 
8 8 1 6 3 8 2 4 4 1 9 8 3 2 8 3 2 0 9 7 3 8 6 4 2 5 1 5 0 5 2 6 0 3 9 4 4 3 0 4 1 8 1 5 7 0 9 3 4 0 

p8
11861
1 1 1 1 1 1 1 1 1 1 
8 8 1 6 1 8 2 4 4 1 9 8 0 2 8 3 4 0 9 7 3 8 6 4 2 5 1 5 0 5 2 6 0 3 9 4 4 3 0 4 1 8 1 5 7 0 2 0 7 3 

p9
9040
1 1 1 1 1 1 1 1 1 1 
8 8 1 6 3 8 2 4 4 1 9 8 3 2 8 3 4 0 9 7 3 8 6 4 2 5 1 5 0 5 2 6 0 3 9 4 4 3 0 4 1 8 1 5 7 0 4 0 4 0 

p10
7727
1 1 1 1 1 1 1 1 1 1 
8 8 1 6 1 8 2 4 4 1 9 8 3 2 8 3 4 0 9 7 3 8 6 4 2 5 1 5 0 5 2 6 0 3 9 4 4 3 0 4 1 8 1 5 7 0 4 0 4 0 

p11
9726
1 1 1 1 1 1 1 1 1 1 
8 8 1 6 3 8 2 4 4 1 9 8 3 2 8 3 4 0 9 7 3 8 6 4 2 5 1 5 0 5 2 6 0 3 9 4 4 3 0 4 1 8 1 5 7 0 4 0 4 0 

p12
11727
1 1 1 1 1 1 1 1 1 1 
8 8 1 6 1 8 2 4 4 1 9 8 3 2 8 3 4 0 9 7 3 8 6 4 2 5 1 5 0 5 2 6 0 3 9 4 4 3 0 4 1 8 1 5 7 0 4 0 4 0 

p13
12032
1 1 1 1 1 1 1 1 1 1 1 1 1 1 1 1 1 1 1 1 
16 12 10 10 1 18 17 13 14 17 15 4 1 6 13 3 15 10 4 9 12 15 15 19 6 17 16 17 1 17 13 7 2 16 3 10 11 19 19 13 6 0 5 0 8 5 14 10 19 9 

p14
9180
1 1 1 1 1 1 1 1 1 1 1 1 1 1 1 1 1 1 1 1 
16 12 10 10 1 18 17 13 14 17 15 4 1 6 13 3 15 10 4 9 12 15 15 19 6 17 16 17 1 17 13 7 2 16 3 10 11 19 19 13 6 0 5 0 8 5 14 10 19 9 

p15
13180
1 1 1 1 1 1 1 1 1 1 1 1 1 1 1 1 1 1 1 1 
16 12 10 10 1 18 17 13 14 17 15 4 1 6 13 3 15 10 4 9 12 15 15 19 6 17 16 17 1 17 13 7 2 16 3 10 11 19 19 13 6 0 5 0 8 5 14 10 19 9 

p16
17180
1 1 1 1 1 1 1 1 1 1 1 1 1 1 1 1 1 1 1 1 
16 12 10 10 1 18 17 13 14 17 15 4 1 6 13 3 15 10 4 9 12 15 15 19 6 17 16 17 1 17 13 7 2 16 3 10 11 19 19 13 6 0 5 0 8 5 14 10 19 9 

p17
12032
1 1 1 1 1 1 1 1 1 1 1 1 1 1 1 1 1 1 1 1 
16 12 10 10 1 18 17 13 14 17 15 4 1 6 13 3 15 10 4 9 12 15 15 19 6 17 16 17 1 17 13 7 2 16 3 10 11 19 19 13 6 0 5 0 8 5 14 10 19 9 

p18
9180
1 1 1 1 1 1 1 1 1 1 1 1 1 1 1 1 1 1 1 1 
16 12 10 10 1 18 17 13 14 17 15 4 1 6 13 3 15 10 4 9 12 15 15 19 6 17 16 17 1 17 13 7 2 16 3 10 11 19 19 13 6 0 5 0 8 5 14 10 19 9 

p19
13180
1 1 1 1 1 1 1 1 1 1 1 1 1 1 1 1 1 1 1 1 
16 12 10 10 1 18 17 13 14 17 15 4 1 6 13 3 15 10 4 9 12 15 15 19 6 17 16 17 1 17 13 7 2 16 3 10 11 19 19 13 6 0 5 0 8 5 14 10 19 9 

p20
17180
1 1 1 1 1 1 1 1 1 1 1 1 1 1 1 1 1 1 1 1 
16 12 10 10 1 18 17 13 14 17 15 4 1 6 13 3 15 10 4 9 12 15 15 19 6 17 16 17 1 17 13 7 2 16 3 10 11 19 19 13 6 0 5 0 8 5 14 10 19 9 

p21
12032
1 1 1 1 1 1 1 1 1 1 1 1 1 1 1 1 1 1 1 1 
16 12 10 10 1 18 17 13 14 17 15 4 1 6 13 3 15 10 4 9 12 15 15 19 6 17 16 17 1 17 13 7 2 16 3 10 11 19 19 13 6 0 5 0 8 5 14 10 19 9 

p22
9180
1 1 1 1 1 1 1 1 1 1 1 1 1 1 1 1 1 1 1 1 
16 12 10 10 1 18 17 13 14 17 15 4 1 6 13 3 15 10 4 9 12 15 15 19 6 17 16 17 1 17 13 7 2 16 3 10 11 19 19 13 6 0 5 0 8 5 14 10 19 9 

p23
13180
1 1 1 1 1 1 1 1 1 1 1 1 1 1 1 1 1 1 1 1 
16 12 10 10 1 18 17 13 14 17 15 4 1 6 13 3 15 10 4 9 12 15 15 19 6 17 16 17 1 17 13 7 2 16 3 10 11 19 19 13 6 0 5 0 8 5 14 10 19 9 

p24
17180
1 1 1 1 1 1 1 1 1 1 1 1 1 1 1 1 1 1 1 1 
16 12 10 10 1 18 17 13 14 17 15 4 1 6 13 3 15 10 4 9 12 15 15 19 6 17 16 17 1 17 13 7 2 16 3 10 11 19 19 13 6 0 5 0 8 5 14 10 19 9 

p25
18164
1 1 1 1 1 1 1 1 1 1 0 1 0 1 1 1 1 1 1 0 1 0 1 0 1 1 0 1 1 1 
20 11 20 14 20 5 2 9 14 17 22 16 8 20 3 14 14 17 5 11 14 0 22 3 9 8 2 24 5 22 29 25 13 25 20 20 24 15 0 14 0 14 15 28 24 14 4 13 27 8 25 14 14 5 13 20 17 11 11 14 0 5 20 11 11 11 24 0 5 9 20 6 11 17 24 8 22 20 1 9 20 7 13 17 2 17 2 7 20 5 2 24 17 11 17 22 2 3 25 16 8 7 17 25 2 29 7 11 14 28 14 14 2 11 11 25 24 24 24 24 5 8 25 13 18 4 5 9 0 29 0 11 24 5 8 14 7 5 20 17 0 8 20 14 8 25 25 5 2 5 

p26
15141
1 1 1 1 0 1 1 1 1 1 0 1 0 1 1 1 1 1 0 1 1 0 1 1 1 1 0 1 1 1 
20 11 13 2 20 5 2 9 14 17 9 16 8 20 19 14 14 17 5 11 2 0 29 3 22 8 19 24 5 24 29 25 13 25 20 20 24 15 23 14 0 14 15 28 24 14 23 13 27 8 29 14 14 5 20 20 17 11 11 14 0 5 20 11 11 11 22 0 22 24 20 6 11 0 24 8 9 20 14 9 20 0 20 17 2 17 17 7 20 5 2 24 17 11 7 9 2 17 25 16 8 17 17 25 2 29 7 11 14 28 14 1 2 11 11 27 24 24 24 24 5 8 25 13 16 0 5 9 0 29 0 11 24 5 8 14 7 5 20 17 0 8 20 14 8 25 25 5 2 5 

p27
19427
1 0 1 1 0 1 1 1 1 1 0 1 0 1 1 1 1 1 1 1 1 0 1 0 1 1 0 1 1 1 
20 11 13 14 20 5 19 9 14 17 24 16 8 20 3 14 14 17 5 11 2 0 5 3 5 8 19 24 5 24 5 25 20 25 20 20 24 15 11 14 0 14 15 8 24 14 7 13 27 8 29 14 14 5 13 20 17 11 0 14 0 5 20 11 11 11 24 0 5 9 20 6 11 17 24 8 22 20 14 24 20 7 20 17 19 17 2 0 20 5 2 24 7 11 17 24 2 2 25 18 16 17 17 25 2 29 7 11 14 28 14 14 2 11 11 27 24 24 24 24 5 8 25 13 18 0 5 24 0 27 0 0 24 5 8 14 7 5 20 17 0 8 20 14 8 11 25 5 2 5 

p28
25475
1 0 1 1 1 1 1 1 1 1 0 1 0 1 1 1 1 1 0 1 1 0 1 1 1 1 1 1 1 1 
20 11 13 2 13 5 19 9 14 17 22 16 8 20 19 14 14 17 25 11 2 0 5 3 24 8 19 24 5 9 25 25 20 25 20 20 24 15 23 14 0 14 15 28 24 14 0 13 27 8 29 14 14 5 20 20 17 25 0 14 0 5 20 11 11 11 9 0 9 5 13 6 11 17 24 8 26 20 14 9 20 0 13 17 17 17 17 4 20 5 2 24 17 11 0 9 2 19 25 13 28 17 14 25 2 29 0 11 14 28 14 14 2 11 11 29 24 24 24 24 5 8 25 13 16 11 5 24 11 29 0 11 24 24 8 14 7 5 20 17 0 8 20 14 8 25 25 5 2 5 

p29
19061
1 1 1 1 1 1 1 1 1 1 1 1 1 1 1 1 1 1 0 1 1 0 1 0 1 1 0 1 1 1 
20 11 13 2 13 5 19 9 14 17 9 16 8 20 17 14 14 17 5 11 2 0 5 3 5 8 2 24 5 24 5 25 6 25 20 20 24 15 7 14 0 8 15 10 24 14 4 20 11 8 29 14 14 5 13 20 17 25 0 14 0 5 20 11 11 11 9 0 22 22 13 6 11 17 24 8 9 20 1 9 20 7 13 17 17 17 17 7 20 5 2 24 17 11 17 5 2 19 25 20 8 17 17 11 2 29 7 11 14 28 14 1 2 11 11 29 24 15 24 24 5 8 25 20 16 4 5 24 0 29 0 11 24 12 8 14 4 5 20 17 0 8 20 14 8 27 25 5 2 5 

p30
15713
1 0 1 1 1 1 1 1 1 1 0 1 0 1 1 1 1 1 1 1 1 1 1 1 1 1 0 1 1 1 
20 11 13 2 13 5 2 9 14 17 22 16 8 20 19 14 14 17 5 11 2 7 5 17 5 8 19 24 5 9 5 25 13 25 20 20 24 15 23 14 0 14 15 28 24 14 4 13 27 8 29 14 14 5 20 20 17 11 11 14 0 5 20 11 11 11 22 0 24 22 13 6 11 17 24 8 24 20 14 24 20 7 20 17 17 17 17 4 20 5 2 24 17 11 17 24 2 3 29 13 28 17 17 25 2 29 7 11 28 28 14 14 2 11 11 21 24 24 24 24 5 8 25 13 18 0 5 24 0 29 0 11 24 29 28 14 4 5 20 17 0 8 20 14 8 25 25 5 2 5 

p31
20933
1 0 1 1 0 1 1 1 1 1 0 1 1 1 1 1 1 1 1 1 1 1 1 0 1 1 1 1 1 1 
20 11 13 14 20 5 3 9 14 17 22 16 8 20 3 14 14 17 5 11 2 7 5 3 24 8 19 24 5 24 5 25 6 25 20 20 24 15 0 14 0 14 15 28 24 14 0 13 27 8 29 28 14 5 20 20 17 27 11 14 0 5 20 11 11 11 9 0 24 5 13 6 11 17 24 8 26 20 14 24 20 7 13 17 17 17 17 7 20 5 2 24 17 11 17 9 2 19 21 18 8 17 17 25 2 29 7 11 14 28 14 14 2 11 11 27 24 24 24 24 5 8 25 13 16 0 5 9 0 12 0 11 24 29 8 14 7 5 20 17 0 8 20 14 8 11 25 5 2 5 

p32
26148
1 0 1 0 1 1 1 1 1 1 0 1 0 1 1 1 1 1 1 1 1 1 1 1 1 1 1 1 1 1 
20 11 20 2 20 5 2 9 28 17 9 8 8 20 17 14 14 17 5 11 2 0 9 17 5 8 19 24 5 24 29 25 13 27 20 20 24 15 23 14 0 14 15 8 24 14 7 13 25 8 29 14 14 5 13 20 17 27 11 14 0 5 20 11 11 11 22 0 29 22 13 6 11 17 24 8 9 20 14 9 20 7 20 17 19 17 2 0 20 5 2 24 17 11 17 5 2 4 25 16 8 17 17 25 2 29 7 11 28 28 14 14 2 11 11 27 24 24 24 24 5 28 25 13 18 0 5 26 0 25 0 27 24 21 28 14 7 5 20 17 0 8 20 14 8 25 25 5 2 5 

p33
19474
1 1 1 1 1 1 1 1 1 1 1 1 0 1 1 1 1 1 0 1 1 1 1 1 1 1 1 1 1 1 
20 11 20 2 20 5 2 24 14 17 24 16 8 20 3 14 14 17 5 11 2 0 5 19 5 8 19 24 5 9 5 25 6 25 20 20 24 15 23 14 0 14 15 10 24 14 0 13 27 8 29 14 14 5 13 20 17 27 0 14 0 5 20 11 11 11 22 0 9 24 20 6 11 17 24 8 26 20 1 24 20 7 13 17 2 17 17 7 20 5 2 24 17 11 17 5 2 14 21 16 8 17 17 25 2 29 17 11 14 28 14 1 2 11 11 11 24 24 24 24 5 8 25 13 16 4 5 22 0 29 0 11 24 29 8 14 17 5 20 17 0 8 20 14 8 25 25 5 2 5 

p34
15433
1 1 1 1 1 1 1 1 1 1 0 1 0 1 1 1 1 1 0 1 1 1 1 0 1 1 0 1 1 1 
20 11 13 2 13 5 2 24 28 17 22 16 8 20 17 14 14 17 5 11 2 7 5 17 5 8 19 24 5 24 5 25 20 25 20 20 24 15 7 14 0 14 15 28 24 14 7 20 11 8 5 28 14 5 20 20 17 27 11 14 0 5 20 11 11 11 24 0 5 5 20 6 11 17 24 8 24 20 1 24 20 0 20 17 19 17 17 17 20 5 2 24 17 11 17 9 2 3 21 13 16 17 17 25 2 29 7 11 14 28 14 14 2 11 11 27 24 15 24 24 5 8 25 20 16 11 5 9 0 25 0 11 24 5 8 14 4 5 20 17 0 8 20 14 8 25 25 5 2 5 

p35
21425
1 1 1 1 1 1 1 1 1 1 0 1 1 1 1 1 1 1 1 1 1 0 0 1 1 1 1 1 1 1 
20 11 20 2 13 5 19 24 14 17 24 16 28 20 3 14 14 17 25 11 2 4 5 17 9 8 2 24 5 24 29 25 6 25 20 20 24 15 0 14 0 14 15 8 24 14 23 13 27 8 5 14 14 5 20 20 17 11 0 14 0 5 20 11 11 11 24 0 9 9 13 6 11 17 24 8 9 20 14 24 20 7 20 17 19 17 17 4 20 5 2 24 17 11 17 9 2 1 25 16 8 17 17 25 2 29 17 11 14 28 14 1 2 11 11 29 24 24 24 24 5 8 25 13 18 0 5 26 7 12 0 11 24 5 28 14 17 5 20 17 0 8 20 14 8 25 25 5 2 5 

p36
24729
1 0 1 1 0 1 1 1 1 1 1 1 0 1 1 1 1 1 0 1 1 0 1 1 1 1 0 1 1 1 
20 11 13 2 20 5 19 9 14 17 5 16 8 20 3 14 14 17 5 11 2 0 9 3 5 8 2 24 5 22 5 25 6 25 20 20 24 15 23 14 0 14 15 10 24 14 23 13 11 8 29 14 14 5 20 20 17 27 11 14 0 5 20 11 11 11 24 0 9 24 13 6 11 17 24 8 24 20 14 24 20 0 13 17 19 17 2 7 20 5 2 24 17 11 17 9 2 23 25 16 16 17 17 25 2 29 17 11 28 28 14 14 2 11 11 25 24 24 24 24 5 8 25 13 8 0 5 24 0 11 0 27 24 29 8 14 7 5 20 17 0 8 20 14 8 11 25 5 2 5 

p37
17564
1 0 1 0 0 1 1 1 1 1 0 1 0 1 1 1 1 1 1 1 1 1 1 0 1 1 0 1 1 1 
20 11 20 2 20 5 2 24 14 17 22 16 8 20 19 14 14 17 5 11 2 0 5 17 5 8 2 24 5 24 29 25 13 27 20 20 24 15 0 14 0 14 15 8 24 14 7 13 27 8 5 14 14 5 20 20 17 11 11 14 0 5 20 11 11 11 22 0 5 22 20 6 11 17 24 8 22 20 14 24 20 7 20 17 19 17 17 0 20 5 2 24 17 11 17 24 2 14 21 20 8 17 17 25 2 29 0 11 28 28 14 14 2 11 11 29 24 15 24 24 5 8 25 13 18 7 5 9 7 29 0 11 24 21 8 14 7 5 20 17 0 8 20 14 8 25 25 5 2 5 

p38
15754
1 0 1 1 1 1 1 1 1 1 1 1 0 1 1 1 1 1 1 1 1 1 1 0 1 1 0 1 1 1 
20 11 13 14 20 5 2 24 14 17 9 16 28 20 3 14 14 17 25 11 2 0 24 3 5 8 19 24 5 22 5 25 20 25 20 20 24 24 0 14 0 14 15 10 24 14 0 13 27 8 29 14 14 5 20 20 17 11 11 14 0 5 20 27 11 11 22 0 5 5 20 6 11 17 24 8 22 20 14 9 20 0 13 17 19 17 17 7 20 5 2 24 17 0 17 9 2 19 25 20 16 17 17 25 19 29 17 11 28 28 14 14 2 11 11 25 24 15 24 24 5 8 25 13 18 0 5 9 0 21 0 11 24 29 28 14 4 5 20 17 0 8 20 14 8 27 25 5 2 5 

p39
20944
1 1 1 1 1 1 1 1 1 1 0 1 0 1 1 1 0 1 1 0 1 1 1 1 1 1 1 1 1 1 
20 11 20 14 20 5 2 9 14 17 24 8 8 20 3 14 14 17 25 11 2 0 5 3 9 8 2 24 5 24 5 25 6 25 20 20 24 15 23 14 0 14 15 28 24 14 0 20 27 8 29 14 14 5 13 20 17 27 0 14 0 5 20 11 11 11 9 0 9 9 20 6 11 17 24 8 26 20 14 9 20 7 20 17 2 17 17 4 20 5 2 24 17 11 17 24 2 1 21 20 8 17 17 25 2 29 7 11 28 28 14 1 2 11 11 21 24 24 24 24 5 8 25 20 18 0 5 22 0 5 0 11 24 5 28 14 17 29 20 17 0 8 20 14 8 27 25 5 2 5 

p40
26137
1 1 1 1 1 1 1 1 1 1 0 1 0 1 1 1 1 1 0 1 1 1 1 0 1 1 1 1 1 1 
20 11 13 2 20 5 2 9 14 17 9 16 8 20 17 14 14 17 5 11 2 4 5 3 5 8 19 24 5 9 29 25 6 25 20 20 24 15 0 14 0 14 15 28 24 14 7 20 11 8 25 14 14 5 13 20 17 27 0 14 0 5 20 27 11 11 22 0 5 22 20 6 11 17 24 8 26 20 1 9 20 7 13 17 19 17 17 7 20 5 2 24 0 11 17 5 2 3 21 20 8 17 17 25 2 29 7 11 14 28 14 14 2 11 11 29 24 24 24 24 5 8 25 20 16 4 5 22 0 11 0 11 24 25 28 14 4 5 20 17 0 8 20 14 8 25 25 5 2 5 

p41
7100
1 1 1 1 1 1 1 1 1 1 
5 6 4 1 7 9 3 7 8 8 4 6 2 6 2 7 7 3 0 6 6 1 4 1 6 5 5 4 8 5 8 0 0 0 3 9 2 6 6 9 2 7 3 3 3 5 0 5 6 4 1 1 6 6 9 7 2 8 8 8 0 0 1 5 0 6 6 6 4 4 0 4 4 0 7 7 2 2 9 5 7 2 2 7 9 7 9 9 9 2 

p42
9957
1 1 1 1 1 1 1 1 1 1 1 1 1 1 1 1 1 1 1 1 
12 10 11 9 15 18 16 13 17 1 11 18 6 10 6 15 0 2 14 14 5 11 9 8 12 8 11 16 17 13 7 19 6 8 14 10 10 0 0 1 1 3 3 16 9 14 8 19 15 15 16 17 7 13 13 5 2 14 14 14 11 11 4 3 11 3 0 15 19 6 10 18 19 19 19 18 18 19 19 19 

p43
12458
1 1 1 1 1 1 1 1 1 1 0 1 1 1 0 1 0 1 1 1 1 1 1 1 1 1 1 1 1 1 
18 19 15 24 25 22 26 21 27 29 24 23 3 9 18 11 8 15 12 7 25 26 22 20 17 13 29 6 29 4 5 2 2 13 0 22 7 7 21 11 4 12 28 23 5 25 26 17 17 11 21 0 9 18 6 6 19 20 2 29 5 27 1 29 27 28 1 27 28 29 

p44
7151
1 1 1 1 1 1 1 1 1 1 
4 4 4 4 4 4 4 4 6 0 0 0 0 0 0 0 1 1 1 7 1 1 6 2 2 2 2 2 2 2 2 3 3 3 3 3 3 3 3 3 4 0 1 1 2 8 7 5 9 7 7 6 5 5 8 8 7 7 9 5 5 5 9 3 0 6 6 8 1 5 4 9 5 7 7 8 6 6 5 8 7 9 9 9 9 9 6 5 7 5 

p45
9859
1 1 1 1 1 1 1 1 1 1 1 1 1 1 1 1 1 1 1 1 
0 0 0 0 0 0 0 1 1 1 1 6 6 6 6 2 2 3 2 3 2 4 4 4 4 4 4 4 4 5 5 5 5 5 5 5 5 5 0 0 2 3 11 12 18 16 19 7 15 16 8 13 11 16 18 19 14 15 10 9 12 9 15 17 13 13 8 12 7 10 18 12 13 17 14 17 8 14 10 7 

p46
12325
1 1 1 1 1 1 1 1 1 1 1 1 1 1 1 1 1 1 1 1 0 0 1 0 1 1 1 1 1 1 
10 0 10 10 10 0 0 1 1 1 1 11 11 11 11 2 2 3 2 3 2 4 4 5 6 6 5 7 7 8 7 8 9 9 10 2 3 17 24 28 29 12 15 22 24 14 18 17 16 28 29 27 13 22 25 26 13 18 18 24 19 15 28 18 26 27 14 27 15 12 

p47
6318
1 1 1 1 1 1 1 1 1 1 
0 0 0 0 0 2 0 0 0 0 1 2 1 1 1 2 1 2 2 2 2 2 2 2 2 2 2 3 3 3 3 3 3 3 3 4 4 4 4 4 4 4 4 4 4 4 4 5 5 5 5 5 5 5 6 6 6 6 6 6 6 6 7 7 6 7 6 0 7 7 7 7 7 7 8 8 8 8 6 8 8 8 9 9 9 6 0 9 9 9 

p48
9048
1 1 1 1 1 1 1 1 1 1 1 1 1 1 1 1 1 1 1 1 
0 0 0 0 1 0 1 1 1 2 3 2 2 3 3 4 4 4 5 5 5 5 5 5 6 6 6 6 6 7 7 8 8 8 8 8 8 8 9 9 9 9 10 10 11 10 11 10 12 13 12 13 13 12 13 14 15 12 14 12 0 15 14 14 15 16 16 16 17 17 17 17 17 18 18 19 19 19 19 19 

p49
12873
1 1 1 1 1 1 1 1 1 1 1 1 1 1 1 1 1 1 1 1 1 1 1 1 1 1 1 1 1 1 
0 1 1 2 1 2 2 2 3 5 3 5 4 6 6 6 7 7 7 7 7 7 9 10 8 11 10 12 12 14 13 14 13 14 15 15 16 17 17 16 17 16 20 19 18 19 20 20 21 18 21 18 0 22 23 23 22 24 24 26 25 26 25 26 27 27 28 27 28 29 

p50
9574
1 1 1 1 1 1 1 1 1 1 
3 6 3 0 2 9 5 5 3 7 7 4 6 9 9 2 9 5 5 3 6 0 0 4 0 4 7 4 4 7 7 7 3 3 3 5 9 9 0 6 0 9 9 9 5 5 5 5 5 3 3 5 6 0 0 0 6 6 1 2 9 7 7 7 3 3 0 4 8 7 3 6 6 0 0 4 4 3 3 4 3 5 2 2 2 2 6 7 2 7 9 1 1 2 1 1 1 1 1 9 

p51
10900
1 1 0 1 1 1 1 1 1 0 1 0 1 1 1 1 1 1 1 1 
7 6 19 10 12 13 5 16 15 1 5 3 6 13 6 13 12 16 5 15 0 0 10 14 14 14 8 19 19 7 1 1 19 19 15 5 13 13 10 0 0 13 13 13 16 5 5 5 5 17 15 5 0 14 14 10 6 6 18 12 13 5 1 5 15 15 10 3 7 7 15 0 0 0 10 19 19 19 19 3 19 5 16 12 13 13 6 8 12 1 13 13 13 4 18 18 13 18 18 13 

p52
10230
1 1 1 1 1 1 1 1 1 1 
7 7 7 7 7 7 7 7 3 4 4 4 3 4 4 4 4 8 8 8 8 3 3 8 3 9 9 9 9 9 5 9 9 5 6 6 6 6 6 6 6 6 6 6 7 7 4 8 8 5 5 3 4 6 2 5 3 3 3 4 6 9 5 5 0 3 9 7 4 7 6 6 4 3 3 5 3 4 7 1 6 3 3 5 5 3 3 7 5 4 5 5 9 1 5 1 3 4 3 7 

p53
12795
0 1 1 1 1 1 1 1 1 1 1 1 1 1 1 1 1 1 1 1 
5 5 5 5 5 5 5 5 19 19 19 7 7 7 7 7 7 13 13 12 12 13 12 12 12 9 9 9 9 9 9 9 9 15 18 18 18 18 18 18 18 18 18 18 5 5 7 12 12 15 15 4 7 18 5 11 3 3 1 6 18 2 15 13 3 13 2 5 6 5 17 18 6 3 3 15 3 6 6 2 14 1 13 15 15 3 1 6 15 3 15 8 17 17 2 17 1 10 1 16 

p54
9625
1 1 1 1 1 1 1 1 1 1 
9 7 7 7 7 7 7 2 2 2 2 2 2 2 2 2 2 2 2 3 1 1 1 3 1 1 3 3 3 3 3 3 3 3 3 3 3 3 3 6 6 6 8 6 8 8 8 8 8 8 8 3 6 6 6 6 6 6 6 6 6 5 5 6 5 5 5 6 6 0 0 6 0 5 7 0 0 0 0 0 0 0 0 4 4 4 4 4 4 4 4 9 4 9 9 9 9 4 9 2 

p55
11893
1 1 1 1 1 1 1 1 1 1 0 1 1 1 1 1 1 1 1 1 
17 17 16 18 16 4 4 4 8 8 8 8 2 8 2 8 2 2 8 14 1 12 2 6 12 12 12 12 6 6 6 14 6 6 6 6 6 6 6 7 19 19 19 7 7 0 0 0 0 0 0 0 7 7 7 7 7 7 7 7 11 11 11 11 3 11 11 7 11 9 13 11 9 11 17 13 9 13 9 9 13 15 15 15 15 15 15 15 5 15 5 18 18 18 18 17 18 18 18 18 

p56
23973
1 1 1 1 1 1 1 1 1 1 1 1 1 1 1 1 1 1 1 1 1 1 1 1 1 1 1 1 1 1 
18 19 21 27 2 12 15 27 22 28 4 28 13 1 28 18 1 20 22 0 18 16 5 24 10 18 27 19 29 2 19 19 4 16 27 6 20 8 24 15 18 9 6 26 8 19 13 21 19 14 24 16 24 16 8 6 25 9 18 25 29 0 7 8 13 11 5 14 28 25 7 12 19 9 23 23 20 23 8 16 10 0 9 25 29 13 6 5 27 7 28 6 25 25 2 3 11 6 0 28 28 15 25 18 4 0 4 24 22 3 19 4 27 12 12 8 28 7 17 8 26 11 17 19 26 16 2 11 26 17 28 24 25 10 23 9 3 3 28 10 12 22 11 11 25 5 24 15 27 25 24 17 23 0 8 11 2 15 3 13 13 27 10 24 5 27 5 4 3 21 1 20 19 14 26 2 0 10 29 10 5 15 2 6 12 8 28 23 0 21 2 21 6 4 7 12 7 15 10 19 

p57
33049
1 1 1 1 1 1 1 1 1 1 1 1 1 1 1 1 1 1 1 1 1 1 1 1 1 1 1 1 1 1 
18 19 21 27 2 12 15 27 22 28 4 28 13 1 28 18 1 20 22 27 18 16 5 24 10 18 27 19 29 2 19 19 4 16 27 6 20 8 24 16 18 9 6 4 8 19 13 21 19 14 24 16 24 16 8 12 11 9 18 7 29 0 7 8 13 11 5 14 28 25 18 12 19 9 23 23 10 23 8 16 10 0 9 25 29 13 6 5 27 7 28 6 25 25 2 3 11 6 0 28 28 15 25 18 4 24 4 24 22 3 19 4 27 12 12 8 28 7 17 8 26 11 17 19 26 16 2 11 26 17 28 24 25 20 23 9 3 3 28 10 12 22 11 11 25 5 24 15 27 25 24 17 23 0 8 11 2 15 3 13 13 27 10 24 5 27 5 4 3 21 1 20 19 14 26 2 0 10 29 10 5 21 2 19 12 8 28 23 0 21 2 21 6 29 7 12 7 15 10 19 

p58
54112
1 1 1 1 1 1 1 1 1 1 1 1 1 1 1 1 1 1 1 1 1 1 1 1 1 1 1 1 1 1 
18 19 21 27 2 12 15 27 22 28 4 28 13 1 28 18 1 20 22 27 18 16 5 24 10 18 27 19 29 2 19 19 4 16 27 6 20 8 24 16 18 9 6 29 8 19 13 21 19 14 24 16 24 16 8 6 11 9 18 25 29 0 7 8 13 11 5 14 28 25 18 12 19 9 23 23 20 5 8 16 10 0 9 25 29 13 6 5 27 7 28 6 25 25 2 3 28 6 0 28 17 15 12 18 4 0 4 24 22 3 19 4 18 12 12 8 28 7 17 8 9 11 17 19 26 16 2 11 26 17 28 24 25 20 23 9 3 3 28 10 12 22 12 11 25 2 24 15 27 25 24 17 23 0 8 11 2 15 3 13 13 27 10 24 5 27 5 4 3 21 1 20 19 14 26 2 0 10 29 10 5 21 2 6 12 8 28 23 0 21 2 21 6 4 7 12 7 15 10 19 

p59
39409
1 1 1 1 1 1 1 1 1 1 1 1 1 1 1 1 1 1 1 1 1 1 1 1 1 1 1 1 1 1 
18 19 21 27 2 12 15 27 22 28 4 28 13 1 28 18 1 20 22 27 18 16 5 24 10 18 27 19 29 21 19 19 4 16 27 6 20 8 24 16 18 9 6 4 8 19 13 21 19 14 24 16 21 16 8 6 11 9 18 7 29 0 7 20 13 11 5 14 28 25 18 12 6 9 23 23 20 23 8 16 10 0 26 25 29 13 6 5 27 25 28 6 25 25 2 3 11 6 0 28 28 15 25 18 4 0 4 24 22 3 19 4 27 12 12 8 28 7 17 8 26 11 17 19 26 16 2 11 26 17 28 24 25 20 23 9 3 3 28 14 12 22 11 11 25 5 24 15 27 25 24 17 23 0 8 11 2 15 13 13 13 27 10 24 5 27 5 4 3 21 1 20 19 14 26 2 0 10 29 10 2 15 2 19 12 8 28 23 0 21 2 21 6 4 7 12 7 15 10 19 

p60
24036
1 1 1 1 1 1 1 1 1 1 1 1 1 1 1 1 1 1 1 1 1 1 1 1 1 1 1 1 1 1 
18 19 21 27 2 12 15 27 27 28 4 28 13 1 28 18 1 20 22 0 18 16 5 24 10 18 27 14 29 2 19 19 4 16 27 6 20 8 24 16 18 9 6 4 8 19 13 21 19 14 24 16 24 16 8 6 11 9 18 25 29 0 7 8 13 11 5 14 28 25 18 12 19 9 23 23 20 23 8 16 10 0 9 25 29 13 19 5 27 7 28 6 25 25 2 3 11 6 0 28 28 15 25 18 4 0 4 24 22 3 19 4 27 12 12 8 28 7 17 8 26 11 17 19 26 16 2 11 26 17 28 24 25 20 23 9 3 3 28 10 12 22 11 11 25 5 24 15 27 25 24 17 23 0 8 11 2 15 3 13 13 27 10 24 5 27 5 4 1 21 1 20 19 14 26 2 0 10 29 10 5 21 2 19 12 8 28 23 0 21 2 21 6 4 7 12 7 15 10 19 

p61
32994
1 1 1 1 1 1 1 1 1 1 1 1 1 1 1 1 1 1 1 1 1 1 1 1 1 1 1 1 1 1 
18 19 21 27 2 12 15 27 22 28 4 28 13 1 28 18 1 20 22 27 18 16 5 24 10 18 27 19 29 2 19 19 4 16 27 6 20 8 24 15 18 9 6 4 8 19 13 21 19 14 24 16 24 16 8 6 11 9 18 7 29 0 7 8 13 11 5 14 28 25 18 12 19 9 23 23 20 23 8 16 10 0 9 25 29 10 19 5 27 7 28 6 25 25 2 3 11 6 0 28 28 15 25 18 4 0 4 24 22 3 19 4 27 12 12 8 28 7 17 8 26 11 17 19 26 16 2 11 26 17 28 24 25 20 23 9 3 3 28 10 12 22 11 11 25 5 24 21 27 25 24 17 23 0 8 11 2 15 3 13 13 27 10 24 5 27 5 29 3 21 1 20 19 14 26 2 0 10 29 10 5 21 2 28 12 8 28 23 0 21 2 21 6 4 7 12 7 15 10 19 

p62
53981
1 1 1 1 1 1 1 1 1 1 1 1 1 1 1 1 1 1 1 1 1 1 1 1 1 1 1 1 1 1 
18 19 21 27 2 12 15 27 22 28 4 28 13 1 28 18 1 20 22 27 27 16 5 24 10 18 27 19 29 2 19 19 4 16 27 6 20 8 24 15 18 9 6 4 8 19 13 21 19 14 24 16 24 16 8 6 11 9 18 25 29 0 7 8 13 11 5 14 28 25 18 12 6 9 23 23 20 23 8 16 23 0 9 25 29 13 6 2 27 7 28 6 25 25 2 3 11 6 0 28 28 15 25 18 4 0 4 24 22 3 19 4 27 12 12 8 28 7 17 8 26 11 17 19 26 16 2 11 26 17 28 24 25 20 23 9 3 3 28 10 12 22 11 11 25 5 24 15 27 25 24 17 23 0 8 11 2 15 3 13 13 27 10 24 5 27 5 4 3 21 1 20 19 14 26 2 0 10 29 10 2 21 2 6 12 8 28 23 0 21 2 21 6 4 7 12 7 21 10 19 

p63
39205
1 1 1 1 1 1 1 1 1 1 1 1 1 1 1 1 1 1 1 1 1 1 1 1 1 1 1 1 1 1 
18 19 21 27 2 12 15 27 22 28 4 28 13 1 28 18 1 20 22 0 18 16 5 24 10 18 27 19 29 2 19 19 4 16 27 6 20 8 24 15 18 9 6 4 8 19 13 21 19 14 24 16 24 16 8 6 11 9 18 25 29 0 7 8 13 11 5 14 28 25 18 12 6 9 23 23 20 23 20 16 10 0 9 25 29 13 6 5 27 7 28 6 25 25 2 3 11 6 0 28 28 15 25 18 4 0 4 24 22 3 19 4 27 12 12 8 28 7 17 8 26 11 17 19 26 16 2 11 26 17 28 24 11 20 23 9 3 3 28 10 12 22 11 11 25 5 24 15 27 25 24 17 23 0 8 11 2 15 13 13 13 27 10 24 5 27 5 4 3 21 1 20 19 14 26 2 0 10 29 10 5 21 2 6 12 8 28 23 0 21 2 21 6 4 7 12 7 21 10 19 

p64
24021
1 1 1 1 1 1 1 1 1 1 1 1 1 1 1 1 1 1 1 1 1 1 1 1 1 1 1 1 1 1 
18 19 21 27 2 12 15 27 22 28 4 28 13 1 28 18 1 20 22 0 18 16 5 24 10 18 27 19 29 2 19 19 4 16 27 6 20 8 24 16 18 9 6 4 8 19 13 21 19 14 24 16 24 16 8 6 11 9 18 25 29 0 7 8 13 11 5 14 28 25 18 12 6 9 23 23 20 23 8 24 10 0 9 25 29 13 6 5 27 7 28 6 25 25 2 3 11 6 0 28 28 15 25 18 4 0 4 24 22 3 19 29 27 12 12 8 28 7 17 8 26 11 17 19 26 16 2 11 26 17 28 24 11 20 23 9 3 3 28 10 12 22 11 11 25 5 24 15 27 25 24 17 23 0 8 11 2 15 3 13 1 27 10 24 5 27 5 4 3 21 1 20 19 14 26 2 0 10 29 10 5 21 2 19 12 8 11 23 0 21 2 21 6 4 7 12 7 21 10 19 

p65
32977
1 1 1 1 1 1 1 1 1 1 1 1 1 1 1 1 1 1 1 1 1 1 1 1 1 1 1 1 1 1 
18 19 21 27 2 12 15 27 22 28 4 28 13 1 28 18 1 20 22 27 18 16 5 24 10 18 27 14 29 2 19 19 4 16 27 6 20 8 24 16 18 9 6 4 8 19 13 21 19 14 24 16 24 16 8 6 11 9 18 25 29 0 7 8 13 11 5 14 28 25 18 12 19 9 23 23 20 23 20 16 10 0 9 25 29 13 19 5 27 7 28 6 25 25 2 3 11 6 0 28 28 15 25 18 4 0 4 24 22 3 19 4 27 12 12 8 28 7 17 8 26 11 17 19 26 16 2 11 26 17 28 24 25 20 1 9 3 3 28 10 12 22 11 11 25 5 24 15 27 25 24 17 23 0 8 11 2 15 3 13 13 27 10 24 5 27 5 4 3 21 1 20 19 14 26 2 24 10 29 10 5 21 2 19 12 8 28 23 0 21 2 21 6 4 7 12 7 15 10 19 

p66
53993
1 1 1 1 1 1 1 1 1 1 1 1 1 1 1 1 1 1 1 1 1 1 1 1 1 1 1 1 1 1 
18 19 21 27 2 12 15 28 22 28 4 28 13 1 28 18 1 20 22 0 18 16 5 24 10 18 27 19 29 2 19 19 4 16 27 6 20 8 24 15 18 9 6 4 8 19 13 21 19 14 24 16 24 16 8 6 11 9 18 7 4 0 7 20 13 11 5 14 28 25 18 12 6 9 23 23 20 23 8 16 10 0 9 25 29 13 19 5 27 7 28 6 25 25 2 3 11 6 0 28 28 15 25 18 4 0 4 24 22 3 19 4 27 12 12 8 28 7 17 8 26 11 17 19 26 16 2 11 26 17 28 24 25 20 23 9 3 3 28 10 12 22 11 11 25 5 24 15 27 25 24 17 23 0 8 11 2 15 13 13 13 27 10 24 5 27 5 4 3 21 1 20 19 14 26 2 0 10 29 10 5 21 2 19 12 8 28 23 0 21 2 21 6 4 7 12 7 21 10 19 

p68
24030
1 1 1 1 1 1 1 1 1 1 1 1 1 1 1 1 1 1 1 1 1 1 1 1 1 1 1 1 1 1 
18 19 21 27 2 12 15 27 22 28 4 28 13 1 28 18 1 10 22 0 18 16 5 24 10 18 27 19 29 2 19 19 4 16 27 6 20 8 24 15 18 9 6 26 8 19 13 21 19 14 24 16 2 16 8 6 11 9 18 25 29 0 7 8 13 11 5 14 28 25 18 12 6 9 23 23 20 23 8 16 10 0 9 25 29 13 6 5 27 7 28 6 25 25 2 3 11 6 0 28 28 15 25 18 4 0 4 24 22 3 19 4 27 12 12 8 28 7 17 8 26 11 17 19 26 16 2 11 26 17 28 24 25 20 23 9 3 3 28 14 12 27 11 11 25 5 24 15 27 25 24 17 23 0 8 11 2 15 3 13 13 27 10 24 5 27 5 4 3 21 1 20 19 14 26 2 0 10 29 10 5 21 24 19 12 8 28 23 0 21 2 21 6 4 7 12 7 15 10 19 

p69
33087
1 1 1 1 1 1 1 1 1 1 1 1 1 1 1 1 1 1 1 1 1 1 1 1 1 1 1 1 1 1 
18 19 21 27 2 12 15 27 22 28 4 28 13 1 28 18 1 20 22 0 18 16 5 24 10 18 22 19 29 2 19 19 4 16 27 6 20 8 24 15 18 9 6 4 8 19 13 21 19 14 24 16 24 16 8 6 11 9 18 25 29 0 7 8 13 11 5 17 28 25 18 12 6 9 23 23 20 23 8 16 10 0 9 7 29 13 6 5 27 7 28 6 25 25 2 3 11 6 0 28 28 15 25 18 4 0 4 24 22 3 19 4 27 12 12 8 28 7 17 8 26 11 17 19 26 16 2 11 26 17 28 24 25 20 23 8 3 3 28 10 12 22 11 11 25 5 24 15 27 25 24 17 23 0 8 11 2 15 3 13 13 27 10 24 5 27 5 4 3 21 1 20 19 14 26 2 0 10 29 10 5 21 2 6 12 8 28 23 0 21 2 21 6 4 7 12 7 15 10 19 

p70
53954
1 1 1 1 1 1 1 1 1 1 1 1 1 1 1 1 1 1 1 1 1 1 1 1 1 1 1 1 1 1 
18 19 21 27 2 12 15 27 22 28 4 28 13 1 28 18 1 20 22 0 18 16 5 24 10 18 27 19 29 2 19 19 4 16 27 6 20 8 24 16 18 9 6 4 8 19 13 21 19 14 24 16 24 16 8 6 11 9 18 25 29 0 7 8 13 11 5 14 28 25 18 12 6 9 23 23 20 23 8 16 23 0 9 25 29 13 6 5 27 7 28 6 25 25 2 3 28 6 0 28 28 15 25 7 4 0 4 24 22 3 19 4 27 12 12 8 28 7 17 8 26 11 17 19 26 16 2 11 26 0 28 24 25 20 23 9 3 3 28 10 12 22 12 11 25 5 24 15 27 25 24 17 23 0 8 11 2 15 3 13 13 27 10 24 5 27 5 4 3 21 1 20 19 14 26 2 0 10 29 10 5 21 2 6 12 8 28 23 0 21 2 21 6 4 7 12 7 21 10 19 

p71
39174
1 1 1 1 1 1 1 1 1 1 1 1 1 1 1 1 1 1 1 1 1 1 1 1 1 1 1 1 1 1 
18 19 21 27 2 12 15 27 22 28 4 28 13 1 28 18 1 20 22 0 18 16 5 24 10 18 27 19 29 2 19 19 4 16 27 6 20 8 24 15 18 9 6 4 8 19 13 21 19 14 24 16 24 16 8 6 11 9 18 7 29 0 7 8 13 11 5 14 28 25 18 12 19 9 23 23 20 23 8 24 23 0 9 25 29 13 6 5 27 7 28 6 25 25 2 3 11 6 0 28 28 15 12 18 4 0 4 24 22 3 19 4 27 12 12 8 28 25 17 8 26 11 17 19 26 16 2 11 26 17 28 24 25 20 23 9 3 3 28 10 12 22 11 11 25 5 24 15 27 25 24 17 23 0 8 11 2 15 3 13 13 27 10 24 5 27 5 4 3 21 1 20 19 14 26 2 0 10 29 10 5 21 2 19 12 8 28 23 0 21 2 21 6 4 7 12 7 15 10 19 

